java dbquery 4096 19700101 19701231
106
158
192
227
247
249
254
377
394
419
452
463
485
544
551
601
611
649
665
674
770
784
801
856
897
912
914
1281
1341
1381
1394
1417
1538
1634
1641
1647
1681
1687
1700
1715
1835
1959
1960
1981
2244
2324
2497
2512
2543
2614
2767
2796
2801
2908
2947
3044
3103
3204
3292
3427
3428
3609
3659
3766
3784
3806
3829
3904
3980
3981
4006
4184
4270
4348
4407
4420
4436
4442
4600
4750
4854
5044
5282
5324
5326
5365
5504
5550
5674
5768
5802
6002
6153
6173
6235
6321
6347
6365
6674
6764
6781
6910
7003
7018
7079
7086
7089
7234
7263
7328
7338
7339
7380
7392
7538
7558
7666
7710
7758
7864
7889
7893
7993
8030
8073
8132
8229
8346
8385
8454
8535
8559
8587
8656
8667
8733
8742
8901
8905
9095
9117
9161
9171
9178
9192
9223
9256
9397
9441
9530
9551
9953
9992
10019
10131
10156
10176
10309
10339
10537
10545
10547
10596
10705
10732
10735
10754
10799
10847
10911
10998
11088
11197
11286
11309
11310
11490
11537
11560
11600
11649
11690
11844
12091
12419
12487
12583
12738
12790
13363
13542
13577
13845
13871
13959
14034
14080
14350
14429
14561
14599
14665
14726
14807
14863
14920
14983
15073
15235
15358
15364
15427
15429
15521
15614
15618
15621
15629
15683
15944
15973
16017
16036
16079
16202
16427
16632
16637
16761
16845
16945
16948
17034
17150
17202
17309
17316
17460
17569
17862
18076
18243
18291
18428
18556
18702
18706
18746
18860
19213
19223
19443
19451
19461
19539
19561
19573
19590
19625
19629
19761
19868
19888
19953
20131
20163
20256
20276
20425
20461
20522
20526
20538
20604
20608
20693
20764
20793
20910
20933
21027
21058
21105
21124
21199
21241
21292
21304
21377
21413
21436
21461
21575
21623
21624
21650
21709
21713
21723
21786
21812
21820
21844
21865
22001
22098
22149
22204
22255
22346
22358
22385
22434
22458
22494
22503
22504
22579
22584
22642
22790
22822
22871
22957
22970
22975
23053
23092
23096
23235
23273
23398
23403
23578
23612
23613
23617
23631
23655
23727
23735
23867
23890
23980
24080
24170
24293
24310
24377
24483
24490
24741
24780
24869
24908
24913
24946
24983
25136
25151
25298
25322
25342
25448
25519
25587
25596
25606
25709
25747
25779
25811
25858
25865
25939
26193
26281
26308
26453
26591
26733
26745
26787
26811
26843
26867
26880
26892
26988
27040
27203
27216
27312
27319
27323
27379
27390
27419
27627
27629
27655
27732
27831
27891
28132
28144
28377
28393
28485
28552
28713
28761
28766
28803
28806
28836
28885
28898
28899
28941
28981
29058
29165
29215
29487
29722
29751
29788
29899
29948
29957
30032
30050
30078
30137
30215
30225
30368
30377
30428
30462
30463
30471
30488
30523
30575
30652
30932
30937
30952
30956
30994
31125
31196
31270
31346
31413
31483
31551
31676
31740
31783
32023
32119
32130
32226
32593
32744
32961
33147
33201
33216
33297
33338
33373
33411
33422
33423
33451
33600
33645
34260
34446
34703
34840
34854
34856
34862
34896
34902
34940
34964
34989
35071
35083
35180
35440
35510
35611
35722
35861
35974
35977
35999
36002
36066
36106
36121
36158
36178
36184
36273
36611
36645
36737
36756
36790
36826
36829
36837
37084
37171
37183
37201
37254
37262
37335
37415
37544
37554
37568
37596
37651
37689
37779
37806
37865
37909
37980
38014
38080
38088
38161
38302
38403
38437
38644
38705
38953
38963
38998
39037
39065
39088
39103
39182
39244
39702
39733
39794
39853
39895
39929
39954
39962
40115
40156
40278
40284
40388
40396
40596
40604
40639
40660
40700
40770
40984
41019
41126
41208
41221
41288
41382
41446
41472
41600
41610
41642
41649
41750
41856
41940
41981
42109
42125
42147
42242
42448
42512
42550
42599
42658
42701
42738
42792
43034
43067
43089
43261
43322
43347
43420
43449
43464
43913
43950
44018
44180
44184
44207
44256
44497
44654
44721
44773
44820
44878
44998
45080
45518
45605
45641
45667
45678
45961
45974
46058
46167
46363
46406
46589
46723
46950
47013
47016
47152
47293
47313
47507
47735
48063
48090
48091
48218
48273
48280
48294
48322
48397
48422
48424
48529
48555
48664
48768
49323
49466
49599
49742
49823
50043
50179
50359
50427
50488
50562
50754
50817
50823
50999
51006
51009
51011
51061
51216
51258
51613
51771
51865
51978
51983
51993
52076
52080
52219
52241
52275
52286
52292
52315
52348
52389
52395
52411
52437
52438
52557
52583
52604
52723
52759
52871
52903
52919
52926
52960
53138
53147
53225
53255
53276
53666
53682
53930
53985
54076
54082
54129
54235
54282
54316
54448
54516
54541
54759
54881
54930
55015
55047
55118
55125
55134
55136
55164
55173
55177
55202
55321
55372
55397
55400
55440
55474
55531
55679
55709
55720
55822
55890
55895
56143
56196
56210
56217
56218
56244
56337
56386
56422
56588
56610
56648
56695
56700
56748
56750
57013
57302
57334
57505
57554
57789
57898
57900
57931
57933
57937
57966
58014
58037
58225
58310
58321
58330
58502
58506
58609
58613
58717
58743
58813
59001
59154
59202
59339
59368
59386
59410
59420
59708
59758
60169
60199
60232
60272
60420
60430
60500
60624
60644
60703
60786
60794
60872
60969
60987
61163
61203
61465
61509
61516
61654
61675
61696
61749
61994
62034
62286
62328
62336
62441
62445
62485
62510
62633
62742
62745
62746
62783
62826
62918
62989
62998
63012
63032
63033
63055
63078
63097
63104
63141
63143
63155
63200
63203
63225
63639
63679
63686
63970
64391
64423
64426
64481
64507
64882
65036
65127
65163
65260
65369
65658
65830
65923
65930
65946
65980
66023
66203
66238
66290
66384
66530
66787
66834
66947
66998
67018
67033
67118
67145
67257
67368
67408
67449
67565
67617
67716
67786
67790
67806
67838
67938
67976
67988
68558
68708
68773
68857
68895
68903
68954
69057
69071
69109
69767
69787
69798
69813
69821
69842
69843
69853
69859
70236
70248
70320
70331
70370
70386
70403
70408
70472
70485
70500
70644
70729
71057
71458
71479
71734
71735
71739
72146
72222
72319
72327
72376
72378
72394
72597
73283
73393
73446
73453
73456
73465
73488
73520
73521
73539
73566
73717
73803
73811
73840
73873
73936
74171
74217
74373
74405
74497
74616
74634
74666
74735
74933
74935
74939
74946
74947
74995
75115
75155
75424
75492
75667
75727
75743
75758
75872
75955
75962
76104
76264
76292
76379
76610
76640
76769
77055
77087
77133
77159
77183
77269
77316
77356
77389
77419
77449
77832
77990
77996
78074
78116
78117
78135
78153
78162
78177
78193
78228
78235
78239
78299
78851
78989
79044
79067
79071
79072
79087
79100
79310
79341
79348
79424
79470
79543
79548
79586
79648
79657
79747
79838
79948
79956
79993
80073
80086
80118
80254
80259
80335
80483
80511
80611
80629
80784
80828
80829
80830
80923
80961
81054
81140
81145
81295
81320
81351
81478
81532
81801
81851
81971
82255
82269
82348
82439
82658
83159
83186
83370
83409
83426
83467
83487
83491
83512
83572
83587
83644
83663
83705
83715
83781
83798
83824
83829
83839
83902
83966
84228
84591
84594
84624
84714
84777
84916
84946
85056
85126
85154
85169
85192
85219
85312
85357
85361
85373
85471
85505
85511
85641
85660
85706
85798
85847
85903
86020
86038
86132
86187
86213
86289
86308
86382
86384
86396
86539
86628
86861
87076
87106
87166
87274
87290
87341
87355
87422
87432
87465
87509
87641
87652
87657
87710
87736
87804
87835
87911
87954
87976
88041
88044
88080
88185
88208
88237
88268
88380
88410
88444
88535
88572
88582
88597
88627
88685
88730
88747
88772
88816
88861
88899
89029
89084
89120
89233
89238
89261
89291
89307
89346
89439
89454
89464
89574
89586
89596
89847
89957
90075
90403
90486
90607
90649
90655
90777
90808
90917
91374
91429
91570
91606
91636
91762
91886
91887
92007
92020
92111
92159
92190
92214
92250
92314
92327
92491
92531
92612
92623
92629
92725
92759
92926
93044
93134
93227
93399
93579
93589
93689
93843
93939
93950
94086
94098
94099
94109
94116
94117
94122
94199
94418
94450
94608
94642
94647
94751
94886
94899
95032
95040
95059
95138
95219
95391
95424
95548
95672
95746
95789
96078
96080
96128
96204
96300
Time taken: 327 ms
